13501350
13511351
13521352
13531353
13541354
13551355
13561356
13571357
13581358
13591359
13601360
13611361
13621362
13631363
13641364
13651365
13661366
13671367
13681368
13691369
13701370
13711371
13721372
13731373
13741374
13751375
13761376
13781378
13791379
13801380
13811381
13821382
13831383
13841384
13851385
13861386
13871387
13881388
13891389
13901390
13911391
13921392
13931393
13941394
13951395
13961396
13971397
13981398
13991399
14001400
20082008
20092009
20102010
20112011
20122012
20132013
20142014
20152015
20162016
20172017
20182018
20192019
20202020
telegram
instagram
11111111
22222222
33333333
44444444
55555555
66666666
77777777
88888888
99999999
12345678
12341234
abcdefghi
00000000
abcd1234
qwer1234
09100910
09110911
09120912
09130913
09140914
09150915
09160916
09170917
09180918
09190919
09200920
09210921
09220922
09300930
09310931
09320932
09330933
09340934
09350935
09360936
09370937
09380938
09390939
09010901
09020902
09030903
instagram1
instagram2
instagram3
11112222
11113333
11114444
11115555
11116666
11117777
11118888
11119999
22221111
22223333
22224444
22225555
22226666
22227777
22228888
22229999
33331111
33332222
33334444
33335555
33336666
33337777
33338888
33339999
44441111
44442222
44443333
44445555
44446666
44447777
44448888
44449999
55551111
55552222
55553333
55554444
55556666
55557777
55558888
55559999
66661111
66662222
66663333
66664444
66665555
66667777
66668888
66669999
77771111
77772222
77773333
77774444
77775555
77776666
77778888
77779999
88881111
88882222
88883333
88884444
88885555
88886666
88887777
88889999
99991111
99992222
99993333
99994444
99995555
99996666
99997777
99998888
10203040
102030
1020304050
102030405060
10203040506070
1020304050607080
102030405060708090
135050
135151
135252
135353
135454
135555
135656
135757
135858
135959
136060
136161
136262
136363
136464
136565
136666
136767
136868
136969
137070
137171
137272
137373
137474
137575
137676
137777
137878
137979
138080
138181
138282
138383
138484
138585
138686
138787
138888
138989
139090
139191
139292
139393
139494
139595
139696
505050
515151
525252
535353
545454
555555
565656
575757
585858
595959
606060
616161
626262
636363
646464
656565
666666
676767
686868
696969
707070
717171
727272
737373
747474
757575
767676
777777
787878
797979
808080
818181
828282
838383
848484
858585
868686
878787
888888
898989
909090
919191
929292
939393
949494
959595
969696
50505050
51515151
52525252
53535353
54545454
56565656
57575757
58585858
59595959
60606060
61616161
62626262
63636363
64646464
65656565
67676767
68686868
69696969
70707070
71717171
72727272
73737373
74747474
75757575
76767676
78787878
79797979
80808080
81818181
82828282
83838383
84848484
85858585
86868686
87878787
89898989
90909090
91919191
92929292
93939393
94949494
95959595
96969696
tehran
Abc123
abc123
Abcd123
14381438
14371437
14361436
14351435
14341434
14331433
14321432
14311431
14301430
14291429
14281428
14271427
14261426
14251425
14241424
14231423
14221422
14211421
14201420
14191419
14181418
14171417
14161416
14151415
14141414
14131413
14121412
14111411
14101410
14091409
14081408
14071407
14061406
14051405
14041404
14031403
14021402
14011401
000000
0000000
000000000
0000000000
111111
1111111
111111111
1111111111
222222
2222222
222222222
2222222222
333333
3333333
333333333
3333333333
444444
4444444
4444444444
44444444444
5555555
555555555
5555555555
6666666
666666666
6666666666
7777777
777777777
7777777777
8888888
888888888
8888888888
999999
9999999
999999999
9999999999
123456789
1234567890
0123456789
987654321
9876543210
123456
1234567
123456123456
1234567812345678
123456789123456789
1234512345
01234567
0123456
012345
012345678
19801980
19811981
19821982
19831983
19841984
19851985
19861986
19871987
19881988
19891989
19901990
19911991
19921992
19931993
19941994
19951995
19961996
19971997
19981998
19991999
20002000
20012001
20022002
20032003
20042004
20052005
20062006
20072007
123123
12345671234567
654321
7654321
87654321
6543210
76543210
876543210
13201320
13211321
13221322
13231323
13241324
13251325
13261326
13271327
13281328
13291329
13301330
13311331
13321332
13331333
13341334
13351335
13361336
13371337
13381338
13391339
13401340
13411341
13421342
13431343
13441344
13451345
13461346
13471347
13481348
13491349
13771377
19501950
aliali
tehran
tehran123